5.15377520732019e-53
1.2025475483747108e-50
1.3889424183727905e-48
1.0586827766708156e-46
5.990380044662365e-45
2.6836902600087385e-43
9.91474457169895e-42
3.1066199657990036e-40
8.426706657229794e-39
2.0099255878725876e-37
4.2677419982494594e-36
8.147507451203514e-35
1.409971428361052e-33
2.2270317945395075e-32
3.2291961020822855e-31
4.319946785452301e-30
5.35493403613358e-29
6.173923947542243e-28
6.642684839855634e-27
6.689300172065146e-26
6.3213886626015605e-25
5.61901214453472e-24
4.708051084738939e-23
3.7255012931412464e-22
2.7889516625043494e-21
1.9782963792697515e-20
1.3315456398931017e-19
8.515316561291686e-19
5.180150908119107e-18
3.0009150088414136e-17
1.6571719548824245e-16
8.731336106369763e-16
4.392953478517286e-15
2.1121675310850785e-14
9.711829138028445e-14
4.273204820732515e-13
1.8002853642900868e-12
7.2660166054230525e-12
2.8108011605189175e-11
1.0426390629617179e-10
3.7100573323721113e-10
1.266848845200233e-09
4.1524489926007625e-09
1.3068947992216349e-08
3.9503865521926695e-08
1.1470752062663155e-07
3.2001735826995033e-07
8.579188753619941e-07
2.2103326580506927e-06
5.473204677077905e-06
1.3026227131445412e-05
2.9798558797424136e-05
6.551862607382358e-05
0.00013845445509940072
0.0002811821958500175
0.0005487313155376096
0.0010288712166330182
0.0018531715480875407
0.0032057737699675262
0.005324844567064704
0.0084901688374865
0.012990422265006662
0.019066587517993647
0.026834456506805864
0.036198563725326656
0.04677968235272983
0.05788395038595356
0.06853920493461166
0.07761057029360435
0.083984385245253
0.08678386475342809
0.08556155679915443
0.08041201865846456
0.07196692080848882
0.061269135282902634
0.049559922762170125
0.03803941440078846
0.02766502865511887
0.019034485527667257
0.012368399878737371
0.007575644925726637
0.004364569093011231
0.0023597060543515997
0.0011940681238887612
0.0005638655029474704
0.0002476585738435948
0.00010079128005262577
3.784500170558361e-05
1.3045057406091317e-05
4.10406300416356e-06
1.1704179678540522e-06
3.0010717124462863e-07
6.850272387105652e-08
1.3749650669459372e-08
2.389123697884784e-09
3.520813870567049e-10
4.2787668565918996e-11
4.11702652867949e-12
2.9407332347710635e-13
1.386204218410602e-14
3.2344765096247375e-16
