3.6998848503513517e-79
1.2949596976229729e-76
2.2510716077012676e-74
2.5912335395316807e-72
2.2219827601484157e-70
1.51391092058112e-68
8.536775468832426e-67
4.097652225039564e-65
1.7090624488602508e-63
6.291881756174405e-62
2.070029097781378e-60
6.147359138865911e-59
1.6614945672545916e-57
4.115394235815217e-56
9.396816838444747e-55
1.9879488067109774e-53
3.9137742132122345e-52
7.198274925476618e-51
1.2410359177071726e-49
2.0117845402832055e-48
3.074677372399498e-47
4.441200649021496e-46
6.076369978888501e-45
7.890474639252312e-44
9.742544380965701e-43
1.1457232192015663e-41
1.2852664317966283e-40
1.3772978553079916e-39
1.4117303016906913e-38
1.3857674455676435e-37
1.3041611404397712e-36
1.1779519978165673e-35
1.0221187647720837e-34
8.527980805068092e-34
6.847466940539964e-33
5.295374434017572e-32
3.947015203133466e-31
2.8375839027932487e-30
1.968884971148648e-29
1.3193212114363589e-28
8.542604844050423e-28
5.347809536519369e-27
3.2383957748922836e-26
1.897850547146175e-25
1.0768864089488522e-24
5.918886781037394e-24
3.15245056816122e-23
1.6276482366108992e-22
8.149544295808737e-22
3.958350086535671e-21
1.865702340787146e-20
8.535893062424847e-20
3.7919063411925766e-19
1.6360048742503814e-18
6.857082158123512e-18
2.79270255167212e-17
1.1054447600368809e-16
4.2536997199079966e-16
1.591470412448336e-15
5.790434720998466e-15
2.0491705095977897e-14
7.054521426484193e-14
2.3628854025266943e-13
7.701256126753669e-13
2.442742177704679e-12
7.541183543478032e-12
2.2661637416007212e-11
6.62937452766778e-11
1.888071863026951e-10
5.235522943852511e-10
1.4135911948401773e-09
3.7164838925375537e-09
9.514887002654014e-09
2.372204704771274e-08
5.759542053476201e-08
1.3618117210885947e-07
3.1357506735592635e-07
7.031683328587437e-07
1.5355513593624702e-06
3.2654763085176573e-06
6.762257188888647e-06
1.3635827253314555e-05
2.67727827778493e-05
5.1180098804242025e-05
9.52518505523393e-05
0.0001725739410007088
0.00030434551610590115
0.0005224014989097459
0.0008726479584060526
0.0014184614754615234
0.002243270555637298
0.003451185470211227
0.005164273910134913
0.00751503658607446
0.01063297729731812
0.014625007370346318
0.019550791102719907
0.025395872978790795
0.032047173044664576
0.03927666999413435
0.046739237293019875
0.053989217995237454
0.06051732605348511
0.06580524774747895
0.06939079009269414
0.07093280765030953
0.07026363021964623
0.06741806264065743
0.06263221251493171
0.056311530518012
0.04897396745051346
0.04117931197040169
0.033458190975951374
0.02625332979233942
0.019881907649754116
0.01452243689199431
0.010224129421087946
0.006932600576122308
0.0045238156301815055
0.0028384725522707477
0.0017109681773409783
0.0009898163009410615
0.0005489964729263264
0.00029160788263837384
0.00014815561779207698
7.190485983508803e-05
3.3289286960688894e-05
1.4678740707075411e-05
6.1543678485394305e-06
2.44902493197693e-06
9.230940128220736e-07
3.288375618195681e-07
1.1044291848990543e-07
3.487671110207539e-08
1.0324200550116841e-08
2.8550875595384843e-09
7.347651807635804e-10
1.7519948349107264e-10
3.851003139538069e-11
7.757416396191794e-12
1.4221930059684952e-12
2.3535108845814336e-13
3.480544265930288e-14
4.543367806342567e-15
5.153357002564485e-16
4.975655036958811e-17
3.975980052364346e-18
2.5244317792789495e-19
1.1939880037130162e-20
3.7395597431727576e-22
5.817092933824288e-24
